f2D = [603,687,691,597,545,549,649,789,795,795,695,599,549,489,495,501,603,717,761,903,901,911,917,802,697,597,545,485,425,433,439,441,547,671,799,841,875;
       833,843,745,731,761,859,879,861,757,647,635,633,651,669,785,891,909,935,893,887,763,655,535,529,523,521,535,545,561,687,811,925,943,967,995,959,915;
       1,1,1,1,1,1,1,1,1,1,1,1,1,1,1,1,1,1,1,1,1,1,1,1,1,1,1,1,1,1,1,1,1,1,1,1,1];
   
f3D = [0,1,1,0,0,0,1,2,2,2,1,0,0,0,0,0,1,2,2,3,3,3,3,2,1,0,0,0,0,0,0,0,1,2,3,3,3;
       0,0,1,1,1,0,0,0,1,2,2,2,2,2,1,0,0,0,0,0,1,2,3,3,3,3,3,3,3,2,1,0,0,0,0,0,0;
       0,0,0,0,1,1,1,0,0,0,0,0,1,2,2,2,2,2,1,0,0,0,0,0,0,0,1,2,3,3,3,3,3,3,3,2,1;
       1,1,1,1,1,1,1,1,1,1,1,1,1,1,1,1,1,1,1,1,1,1,1,1,1,1,1,1,1,1,1,1,1,1,1,1,1]; 

% f2D = [603,687,691,597,545,549;
%        833,843,745,731,761,859;
%        1,1,1,1,1,1];
%    
% f3D = [0,1,1,0,0,0;
%        0,0,1,1,1,0;
%        0,0,0,0,1,1;
%        1,1,1,1,1,1];
       
test_f3D = [0,0,0,0,0,0,0,0,0,0,0,0,0,0,0,0,0,0,0,0,0,0,0,0,0,0,0,0,0,0,0,0,0,0,0,0,0,0,0,0,0,0,0,0,0,0,0,0,1,1,1,1,1,1,1,1,1,1,1,1,1,2,2,2,2,2,2,2,2,2,2,2,2,2,3,3,3,3,3,3,3,3,3,3,3,3,3,4,4,4,4,4,4,4,4,4,4,4,4,4;
            0,0,0,0,0,0,0,0,1,1,1,1,1,1,1,1,2,2,2,2,2,2,2,2,3,3,3,3,3,3,3,3,4,4,4,4,4,4,4,4,5,5,5,5,5,5,5,5,0,0,0,0,0,0,0,0,1,2,3,4,5,0,0,0,0,0,0,0,0,1,2,3,4,5,0,0,0,0,0,0,0,0,1,2,3,4,5,0,0,0,0,0,0,0,0,1,2,3,4,5;
            0,1,2,3,4,5,6,7,0,1,2,3,4,5,6,7,0,1,2,3,4,5,6,7,0,1,2,3,4,5,6,7,0,1,2,3,4,5,6,7,0,1,2,3,4,5,6,7,0,1,2,3,4,5,6,7,0,0,0,0,0,0,1,2,3,4,5,6,7,0,0,0,0,0,0,1,2,3,4,5,6,7,0,0,0,0,0,0,1,2,3,4,5,6,7,0,0,0,0,0;
            1,1,1,1,1,1,1,1,1,1,1,1,1,1,1,1,1,1,1,1,1,1,1,1,1,1,1,1,1,1,1,1,1,1,1,1,1,1,1,1,1,1,1,1,1,1,1,1,1,1,1,1,1,1,1,1,1,1,1,1,1,1,1,1,1,1,1,1,1,1,1,1,1,1,1,1,1,1,1,1,1,1,1,1,1,1,1,1,1,1,1,1,1,1,1,1,1,1,1,1];

save dataset.mat